# =================================================================================================================================
* <<<< AISC Rolled Shape Library >>>>
* =================================================================================================================================
* Revision Log:
* 5/21/96 Original from WSDOT
*
         Mass    Area        Ixx       Depth    tw      bf
Name    kg/m^3   mm^2        mm^4        mm     mm      mm
=======  ====  =======  ============  ======  ======  ======
W44X285   424    54064    10.239e+09    1118      26     297
W44X248   369    46968     8.907e+09    1108      22     296
W44X224   333    42452     7.991e+09    1100      20     302
W44X198   295    37419     6.951e+09    1090      18     297
W40X328   488    62193    11.155e+09    1016      23     457
W40X298   443    56516    10.072e+09    1008      21     456
W40X268   399    50839     8.948e+09    1000      19     453
W40X244   363    46258     7.991e+09     992      18     448
W40X221   329    41806     6.909e+09     982      18     449
W40X192   286    36452     5.619e+09     970      18     451
W40X655   975   123871    23.517e+09    1108      50     432
W40X593   882   112258    20.978e+09    1092      45     427
W40X531   790   100645    18.439e+09    1075      41     414
W40X480   714    90322    16.441e+09    1062      37     416
W40X436   649    82580    14.734e+09    1050      34     415
W40X397   591    74839    13.319e+09    1040      31     414
W40X362   539    68387    12.029e+09    1030      28     408
W40X324   482    61484    10.655e+09    1020      25     405
W40X297   442    56387     9.656e+09    1012      24     402
W40X277   412    52452     9.115e+09    1008      21     400
W40X249   371    47290     8.116e+09    1000      19     397
W40X215   320    40839     6.951e+09     990      17     403
W40X199   296    37677     6.201e+09     982      17     400
W40X183   272    34645     5.535e+09     990      17     297
W40X167   249    31677     4.828e+09     980      17     302
W40X149   222    28258     4.070e+09     970      16     299
W36X848  1262   160645    28.054e+09    1078      64     460
W36X798  1188   150967    26.056e+09    1066      60     458
W36X720  1071   136129    23.017e+09    1046      55     456
W36X650   967   122580    20.353e+09    1028      50     450
W36X588   875   110968    18.106e+09    1012      45     443
W36X527   784    99355    15.941e+09     996      41     443
W36X485   722    91613    14.443e+09     984      38     436
W36X439   653    82580    12.903e+09     972      35     434
W36X393   585    74193    11.446e+09     960      31     425
W36X359   534    67742    10.322e+09     950      28     429
W36X328   488    62193     9.365e+09     942      26     423
W36X300   446    56968     8.449e+09     933      24     427
W36X280   417    53161     7.866e+09     928      22     423
W36X260   387    49355     7.200e+09     921      21     417
W36X245   365    46516     6.701e+09     916      20     418
W36X230   342    43613     6.243e+09     912      19     416
W36X256   381    48645     6.992e+09     951      24     308
W36X232   345    43935     6.243e+09     943      22     311
W36X210   313    39871     5.494e+09     932      21     311
W36X194   289    36774     5.036e+09     927      19     307
W36X182   271    34581     4.703e+09     923      18     306
W36X170   253    32258     4.370e+09     919      17     307
W36X160   238    30323     4.058e+09     915      17     306
W36X150   223    28516     3.762e+09     911      16     306
W36X135   201    25613     3.246e+09     903      15     305
W33X619   921   116774    17.398e+09     977      50     432
W33X567   844   107097    15.691e+09     963      46     432
W33X515   766    97419    14.027e+09     949      42     425
W33X468   696    88387    12.528e+09     935      39     415
W33X424   631    80000    11.196e+09     923      35     416
W33X387   576    72903    10.114e+09     913      32     417
W33X354   527    67097     9.115e+09     903      29     403
W33X318   473    60322     8.116e+09     893      26     403
W33X291   433    55226     7.367e+09     885      24     404
W33X263   391    49935     6.576e+09     877      22     399
W33X241   359    45742     5.910e+09     868      21     405
W33X221   329    41935     5.327e+09     862      20     402
W33X201   299    38129     4.786e+09     855      18     397
W33X169   251    31935     3.866e+09     859      17     291
W33X152   226    28839     3.396e+09     851      16     295
W33X141   210    26839     3.100e+09     846      15     293
W33X130   193    24710     2.792e+09     840      15     291
W33X118   176    22387     2.455e+09     835      14     293
W30X581   865   109677    13.735e+09     899      50     414
W30X526   783    99355    12.195e+09     883      45     410
W30X477   710    90322    10.863e+09     869      41     405
W30X433   644    81935     9.656e+09     855      38     395
W30X391   582    73548     8.615e+09     843      35     397
W30X357   531    67097     7.741e+09     833      31     398
W30X326   485    61742     6.992e+09     823      29     385
W30X292   435    55290     6.201e+09     813      26     385
W30X261   388    49484     5.452e+09     803      24     386
W30X235   350    44516     4.869e+09     795      21     381
W30X211   314    40000     4.287e+09     786      20     381
W30X191   284    36193     3.816e+09     779      18     379
W30X173   257    32774     3.413e+09     773      17     379
W30X148   220    28064     2.780e+09     779      17     264
W30X132   196    25097     2.401e+09     770      16     269
W30X124   185    23548     2.231e+09     766      15     269
W30X116   173    22064     2.052e+09     762      14     268
W30X108   161    20452     1.860e+09     758      14     266
W30X99    147    18774     1.660e+09     753      13     265
W30X90    134    17032     1.506e+09     750      12     263
W27X539   802   101935    10.613e+09     826      50     396
W27X494   735    93548     9.531e+09     812      46     382
W27X448   667    84516     8.491e+09     798      42     380
W27X407   606    76774     7.533e+09     784      39     373
W27X368   548    69677     6.701e+09     772      35     378
W27X336   500    63677     6.035e+09     762      32     371
W27X307   457    58193     5.452e+09     752      29     372
W27X281   418    53290     4.953e+09     744      27     363
W27X258   384    48839     4.495e+09     736      25     360
W27X235   350    44581     4.020e+09     728      23     360
W27X217   323    41161     3.691e+09     722      21     358
W27X194   289    36774     3.254e+09     714      19     354
W27X178   265    33742     2.909e+09     706      18     357
W27X161   240    30581     2.613e+09     701      17     357
W27X146   217    27677     2.343e+09     695      15     357
W27X129   192    24387     1.981e+09     702      15     251
W27X114   170    21613     1.702e+09     693      14     255
W27X102   152    19355     1.506e+09     688      13     253
W27X94    140    17871     1.361e+09     684      12     254
W27X84    125    16000     1.186e+09     678      12     254
W24X492   732    92903     7.950e+09     753      50     360
W24X450   670    85161     7.117e+09     739      46     349
W24X408   607    76774     6.285e+09     725      42     349
W24X370   551    69677     5.577e+09     711      39     345
W24X335   499    63484     4.953e+09     699      35     340
W24X306   455    57935     4.453e+09     689      32     336
W24X279   415    52903     3.995e+09     679      29     340
W24X250   372    47419     3.533e+09     669      26     336
W24X229   341    43355     3.184e+09     661      24     334
W24X207   308    39161     2.838e+09     653      22     327
W24X192   286    36323     2.605e+09     647      21     326
W24X176   262    33355     2.364e+09     641      19     327
W24X162   241    30774     2.151e+09     635      18     328
W24X146   217    27742     1.906e+09     628      17     327
W24X131   195    24839     1.673e+09     622      15     327
W24X117   174    22194     1.473e+09     616      14     324
W24X104   155    19742     1.290e+09     611      13     324
W24X103   153    19548     1.248e+09     623      14     229
W24X94    140    17871     1.123e+09     617      13     231
W24X84    125    15935   986.468e+06     612      12     231
W24X76    113    14452   874.086e+06     608      11     228
W24X68    101    12968   761.703e+06     603      11     229
W24X62     92    11742   645.158e+06     603      11     180
W24X55     82    10452   561.912e+06     599      10     177
W21X402   598    76129     5.078e+09     661      44     334
W21X364   542    69032     4.495e+09     647      40     333
W21X333   496    63161     3.999e+09     635      37     333
W21X300   446    56903     3.529e+09     623      34     326
W21X275   409    52129     3.171e+09     613      31     323
W21X248   369    46968     2.813e+09     603      28     323
W21X223   332    42193     2.476e+09     593      25     318
W21X201   299    38193     2.210e+09     585      23     323
W21X182   271    34581     1.968e+09     577      21     316
W21X166   247    31484     1.781e+09     571      19     318
W21X147   219    27871     1.510e+09     560      18     315
W21X132   196    25032     1.340e+09     554      17     315
W21X122   182    23161     1.232e+09     551      15     317
W21X111   165    21097     1.111e+09     546      14     316
W21X101   150    19226     1.007e+09     543      13     313
W21X93    138    17613   861.599e+06     549      15     213
W21X83    124    15677   761.703e+06     544      13     212
W21X73    109    13871   665.970e+06     539      12     211
W21X68    101    12903   616.022e+06     537      11     209
W21X62     92    11806   553.587e+06     533      10     209
W21X57     85    10774   486.990e+06     535      10     165
W21X50     74     9484   409.571e+06     529      10     166
W21X44     65     8387   350.883e+06     525       9     165
W18X311   463    59032     2.896e+09     567      39     306
W18X283   421    53677     2.563e+09     555      36     305
W18X258   384    48968     2.293e+09     545      33     304
W18X234   348    44387     2.039e+09     535      29     300
W18X211   314    40064     1.802e+09     525      27     291
W18X192   286    36387     1.610e+09     517      24     293
W18X175   260    33097     1.435e+09     509      23     291
W18X158   235    29871     1.273e+09     501      21     285
W18X143   213    27161     1.144e+09     495      19     282
W18X130   193    24645     1.023e+09     489      17     280
W18X119   177    22645   911.546e+06     482      17     285
W18X106   158    20064   795.002e+06     476      15     287
W18X97    144    18387   728.405e+06     472      14     283
W18X86    128    16323   636.834e+06     467      12     282
W18X76    113    14387   553.587e+06     463      11     280
W18X71    106    13419   486.990e+06     469      13     193
W18X65     97    12323   445.367e+06     466      11     194
W18X60     89    11355   409.571e+06     463      11     191
W18X55     82    10452   370.446e+06     460      10     192
W18X50     74     9484   332.985e+06     457       9     191
W18X46     68     8710   296.356e+06     459       9     154
W18X40     60     7613   254.733e+06     455       8     152
W18X35     52     6645   212.278e+06     450       8     153
W16X100   149    18968   620.184e+06     431      15     265
W16X89    132    16903   541.100e+06     425      13     262
W16X77    115    14581   462.016e+06     420      12     263
W16X67    100    12710   397.084e+06     415      10     260
W16X57     85    10839   315.503e+06     417      11     182
W16X50     74     9484   274.296e+06     413      10     179
W16X45     67     8581   243.911e+06     410       9     178
W16X40     60     7613   215.607e+06     407       8     177
W16X36     54     6839   186.471e+06     403       7     177
W16X31     46     5884   156.086e+06     403       7     141
W16X26     39     4955   125.285e+06     399       6     140
W14X233   347    44193     1.252e+09     407      27     402
W14X211   314    40000     1.107e+09     399      25     404
W14X193   287    36645   998.955e+06     393      23     402
W14X176   262    33419   890.735e+06     387      21     399
W14X159   237    30129   790.839e+06     380      19     393
W14X145   216    27548   711.755e+06     375      17     393
W14X132   196    25032   636.834e+06     372      16     372
W14X120   179    22774   574.399e+06     368      15     372
W14X109   162    20645   516.127e+06     364      13     371
W14X99    147    18774   462.016e+06     360      12     369
W14X90    134    17097   415.815e+06     356      11     368
W14X82    122    15548   367.116e+06     363      13     256
W14X74    110    14064   331.320e+06     360      11     255
W14X68    101    12903   300.935e+06     357      11     256
W14X61     91    11548   266.388e+06     353      10     252
W14X53     79    10064   225.181e+06     354       9     205
W14X48     71     9097   201.872e+06     350       9     203
W14X43     64     8129   178.147e+06     347       8     202
W14X38     57     7226   160.249e+06     358       8     173
W14X34     51     6452   141.518e+06     355       7     171
W14X30     45     5710   121.123e+06     352       7     170
W14X26     39     4961   101.976e+06     353       6     128
W14X22     33     4187    82.830e+06     349       6     128
W12X136   202    25742   516.127e+06     341      20     318
W12X120   179    22774   445.367e+06     333      18     314
W12X106   158    20129   388.343e+06     327      15     312
W12X96    143    18194   346.720e+06     323      14     311
W12X87    129    16516   308.011e+06     318      13     309
W12X79    118    14968   275.545e+06     314      12     306
W12X72    107    13613   248.490e+06     311      11     306
W12X65     97    12323   221.851e+06     308      10     304
W12X58     86    10968   197.709e+06     310       9     254
W12X53     79    10064   176.898e+06     306       9     254
W12X50     74     9484   163.995e+06     310       9     205
W12X45     67     8516   145.681e+06     306       9     204
W12X40     60     7613   129.031e+06     303       7     204
W12X35     52     6645   118.626e+06     318       8     166
W12X30     45     5671    99.063e+06     313       7     165
W12X26     39     4935    84.911e+06     310       6     164
W12X22     33     4181    64.932e+06     313       7     101
W12X19     28     3594    54.110e+06     309       6     101
W12X16     24     3039    42.871e+06     305       6     101
W12X14     21     2684    36.878e+06     303       5     101
W10X112   167    21226   298.021e+06     289      19     267
W10X100   149    18968   259.312e+06     282      17     262
W10X88    131    16710   222.267e+06     275      15     262
W10X77    115    14581   189.385e+06     269      13     261
W10X68    101    12903   163.995e+06     264      12     258
W10X60     89    11355   141.934e+06     260      11     256
W10X54     80    10194   126.118e+06     256       9     256
W10X49     73     9290   113.214e+06     253       9     253
W10X45     67     8581   103.225e+06     257       9     205
W10X39     58     7419    86.992e+06     252       8     202
W10X33     49     6265    70.759e+06     247       7     201
W10X30     45     5703    70.759e+06     266       8     148
W10X26     39     4910    59.937e+06     262       7     148
W10X22     33     4187    49.115e+06     258       6     146
W10X19     28     3626    40.083e+06     260       6     102
W10X17     25     3219    34.089e+06     257       6     102
W10X15     22     2845    28.678e+06     254       6     101
W10X12     18     2284    22.393e+06     251       5     100
W8X67     100    12710   113.214e+06     229      14     209
W8X58      86    11032    94.900e+06     222      13     210
W8X48      71     9097    76.586e+06     216      10     205
W8X40      60     7548    60.769e+06     210       9     205
W8X35      52     6645    52.861e+06     206       8     204
W8X31      46     5890    45.785e+06     203       7     203
W8X28      42     5323    40.790e+06     205       7     165
W8X24      36     4568    34.463e+06     201       6     165
W8X21      31     3974    31.342e+06     210       6     134
W8X18      27     3394    25.764e+06     207       6     134
W8X15      22     2865    19.979e+06     206       6     102
W8X13      19     2477    16.482e+06     203       6     101
W8X10      15     1910    12.819e+06     200       4     100
W6X25      37     4735    22.226e+06     162       8     155
W6X20      30     3787    17.231e+06     157       7     152
W6X15      22     2858    12.112e+06     152       6     152
W6X16      24     3058    13.361e+06     160       7     103
W6X12      18     2290     9.198e+06     153       6     101
W6X9       13     1729     6.826e+06     150       4     100
W5X19      28     3574    10.905e+06     131       7     127
W5X16      24     3019     8.865e+06     127       6     126
W4X13      19     2471     4.703e+06     106       7     103