  C15X50        15.000000      4.167000     14.700000     10.740000      3.221000     15.000000      0.716000
                 3.716000      0.650000      0.798000      1.381000      5.717000     20.950001      6.210000
               404.000000     68.199997     53.799999     53.799999      5.240000     11.000000      8.170000
                 3.780000     13.784000      0.867000      2.670000    492.000000     13.700000      7.500000
                 0.000000      2.000000      2.000000
  C15X40        15.000000      3.333000     11.800000      7.800000      3.051000     15.000000      0.520000
                 3.520000      0.650000      0.777000      1.544000      5.415000     28.846001      6.560000
               349.000000     57.200001     46.500000     46.500000      5.440000      9.230000      6.870000
                 3.370000     11.879000      0.886000      1.460000    411.000000     13.700000      7.500000
                 0.000000      2.000000      2.000000
  C15X33.9      15.000000      2.825000      9.960000      6.000000      2.947000     15.000000      0.400000
                 3.400000      0.650000      0.787000      1.683000      5.231000     37.500000      6.790000
               315.000000     50.400002     42.000000     42.000000      5.620000      8.130000      6.230000
                 3.110000     10.330000      0.904000      1.020000    358.000000     13.700000      7.500000
                 0.000000      2.000000      2.000000
  C12X30        12.000000      2.500000      8.820000      6.120000      2.118000     12.000000      0.510000
                 3.170000      0.501000      0.674000      1.292000      6.327000     23.528999      7.550000
               162.000000     33.599998     27.000000     27.000000      4.290000      5.140000      4.330000
                 2.060000      7.626000      0.763000      0.870000    151.000000     10.998000      6.000000
                 0.000000      2.000000      2.000000
  C12X25        12.000000      2.083000      7.350000      4.644000      2.035000     12.000000      0.387000
                 3.047000      0.501000      0.674000      1.420000      6.082000     31.007999      7.850000
               144.000000     29.200001     24.100000     24.100000      4.430000      4.470000      3.840000
                 1.880000      6.632000      0.780000      0.540000    130.000000     10.998000      6.000000
                 0.000000      2.000000      2.000000
  C12X20.7      12.000000      1.725000      6.090000      3.384000      1.965000     12.000000      0.282000
                 2.942000      0.501000      0.698000      1.568000      5.872000     42.553001      8.130000
               129.000000     25.400000     21.500000     21.500000      4.610000      3.880000      3.490000
                 1.730000      5.559000      0.799000      0.370000    112.000000     10.998000      6.000000
                 0.000000      1.000000      2.000000
  C10X30        10.000000      2.500000      8.820000      6.730000      1.763000     10.000000      0.673000
                 3.033000      0.436000      0.649000      1.018000      6.956000     14.859000      7.550000
               103.000000     26.600000     20.700001     20.700001      3.420000      3.940000      3.780000
                 1.650000      6.071000      0.669000      1.230000     79.300003      9.128000      5.000000
                 0.000000      2.000000      2.000000
  C10X25        10.000000      2.083000      7.350000      5.260000      1.678000     10.000000      0.526000
                 2.886000      0.436000      0.617000      1.111000      6.619000     19.011000      7.940000
                91.199997     23.000000     18.200001     18.200001      3.520000      3.360000      3.190000
                 1.480000      5.446000      0.676000      0.690000     68.400002      9.128000      5.000000
                 0.000000      2.000000      2.000000
  C10X20        10.000000      1.667000      5.880000      3.790000      1.592000     10.000000      0.379000
                 2.739000      0.436000      0.606000      1.243000      6.282000     26.385000      8.360000
                78.900002     19.299999     15.800000     15.800000      3.660000      2.810000      2.710000
                 1.320000      4.637000      0.692000      0.370000     56.900002      9.128000      5.000000
                 0.000000      1.000000      2.000000
  C10X15.3      10.000000      1.275000      4.490000      2.400000      1.511000     10.000000      0.240000
                 2.600000      0.436000      0.634000      1.430000      5.963000     41.667000      8.810000
                67.400002     15.800000     13.500000     13.500000      3.870000      2.280000      2.350000
                 1.160000      3.596000      0.713000      0.210000     45.599998      9.128000      5.000000
                 0.000000      1.000000      2.000000
  C9X20          9.000000      1.667000      5.880000      4.032000      1.458000      9.000000      0.448000
                 2.648000      0.413000      0.583000      1.098000      6.412000     20.089001      8.220000
                60.900002     16.799999     13.500000     13.500000      3.220000      2.420000      2.470000
                 1.170000      4.151000      0.642000      0.430000     39.500000      8.174000      4.500000
                 0.000000      1.000000      2.000000
  C9X15          9.000000      1.250000      4.410000      2.565000      1.368000      9.000000      0.285000
                 2.485000      0.413000      0.586000      1.268000      6.017000     31.579000      8.760000
                51.000000     13.500000     11.300000     11.300000      3.400000      1.930000      2.050000
                 1.010000      3.294000      0.661000      0.210000     31.000000      8.174000      4.500000
                 0.000000      1.000000      2.000000
  C9X13.4        9.000000      1.117000      3.940000      2.097000      1.340000      9.000000      0.233000
                 2.433000      0.413000      0.601000      1.344000      5.891000     38.626999      8.950000
                47.900002     12.500000     10.600000     10.600000      3.480000      1.760000      1.950000
                 0.962000      2.928000      0.669000      0.170000     28.200001      8.174000      4.500000
                 0.000000      1.000000      2.000000
  C8X18.75       8.000000      1.563000      5.510000      3.896000      1.314000      8.000000      0.487000
                 2.527000      0.390000      0.565000      0.996000      6.479000     16.427000      8.120000
                44.000000     13.800000     11.000000     11.000000      2.820000      1.980000      2.170000
                 1.010000      3.504000      0.599000      0.440000     25.100000      7.220000      4.000000
                 0.000000      1.000000      2.000000
  C8X13.75       8.000000      1.146000      4.040000      2.424000      1.218000      8.000000      0.303000
                 2.343000      0.390000      0.553000      1.157000      6.008000     26.403000      8.750000
                36.099998     10.900000      9.030000      9.030000      2.990000      1.530000      1.730000
                 0.854000      2.767000      0.615000      0.190000     19.200001      7.220000      4.000000
                 0.000000      1.000000      2.000000
  C8X11.5        8.000000      0.958000      3.380000      1.760000      1.175000      8.000000      0.220000
                 2.260000      0.390000      0.571000      1.268000      5.795000     36.363998      9.080000
                32.599998      9.550000      8.140000      8.140000      3.110000      1.320000      1.580000
                 0.781000      2.312000      0.625000      0.130000     16.500000      7.220000      4.000000
                 0.000000      1.000000      2.000000
  C7X14.75       7.000000      1.229000      4.330000      2.933000      1.122000      7.000000      0.419000
                 2.299000      0.366000      0.532000      0.973000      6.281000     16.705999      8.310000
                27.200001      9.680000      7.780000      7.780000      2.510000      1.380000      1.640000
                 0.779000      2.594000      0.564000      0.270000     13.100000      6.268000      3.500000
                 0.000000      1.000000      2.000000
  C7X12.25       7.000000      1.021000      3.600000      2.198000      1.071000      7.000000      0.314000
                 2.194000      0.366000      0.525000      1.063000      5.995000     22.292999      8.710000
                24.200001      8.400000      6.930000      6.930000      2.600000      1.170000      1.430000
                 0.703000      2.229000      0.571000      0.160000     11.200000      6.268000      3.500000
                 0.000000      1.000000      2.000000
  C7X9.8         7.000000      0.817000      2.870000      1.470000      1.020000      7.000000      0.210000
                 2.090000      0.366000      0.540000      1.187000      5.710000     33.333000      9.140000
                21.299999      7.120000      6.080000      6.080000      2.720000      0.968000      1.260000
                 0.625000      1.793000      0.581000      0.100000      9.180000      6.268000      3.500000
                 0.000000      1.000000      2.000000
  C6X13          6.000000      1.083000      3.830000      2.622000      0.986000      6.000000      0.437000
                 2.157000      0.343000      0.514000      0.894000      6.289000     13.730000      8.100000
                17.400000      7.260000      5.800000      5.800000      2.130000      1.050000      1.360000
                 0.642000      2.043000      0.525000      0.240000      7.220000      5.314000      3.000000
                 0.000000      1.000000      2.000000
  C6X10.5        6.000000      0.875000      3.090000      1.884000      0.930000      6.000000      0.314000
                 2.034000      0.343000      0.499000      0.985000      5.930000     19.108000      8.590000
                15.200000      6.150000      5.060000      5.060000      2.220000      0.866000      1.150000
                 0.564000      1.735000      0.529000      0.130000      5.950000      5.314000      3.000000
                 0.000000      1.000000      2.000000
  C6X8.2         6.000000      0.683000      2.400000      1.200000      0.878000      6.000000      0.200000
                 1.920000      0.343000      0.511000      1.110000      5.598000     30.000000      9.100000
                13.100000      5.130000      4.380000      4.380000      2.340000      0.693000      0.993000
                 0.492000      1.356000      0.537000      0.080000      4.720000      5.314000      3.000000
                 0.000000      1.000000      2.000000
  C5X9           5.000000      0.750000      2.640000      1.625000      0.804000      5.000000      0.325000
                 1.885000      0.320000      0.478000      0.905000      5.891000     15.385000      8.290000
                 8.900000      4.360000      3.560000      3.560000      1.830000      0.632000      0.918000
                 0.450000      1.322000      0.489000      0.110000      2.930000      4.360000      2.500000
                 0.000000      1.000000      2.000000
  C5X6.7         5.000000      0.558000      1.970000      0.950000      0.747000      5.000000      0.190000
                 1.750000      0.320000      0.484000      1.036000      5.469000     26.316000      8.930000
                 7.490000      3.510000      3.000000      3.000000      1.950000      0.479000      0.763000
                 0.378000      0.990000      0.493000      0.060000      2.220000      4.360000      2.500000
                 0.000000      1.000000      2.000000
  C4X7.25        4.000000      0.604000      2.130000      1.284000      0.679000      4.000000      0.321000
                 1.721000      0.296000      0.459000      0.845000      5.814000     12.461000      7.840000
                 4.590000      2.810000      2.290000      2.290000      1.470000      0.433000      0.697000
                 0.343000      0.943000      0.450000      0.080000      1.240000      3.408000      2.000000
                 0.000000      1.000000      2.000000
  C4X5.4         4.000000      0.450000      1.590000      0.736000      0.625000      4.000000      0.184000
                 1.584000      0.296000      0.457000      0.959000      5.351000     21.739000      8.520000
                 3.850000      2.260000      1.930000      1.930000      1.560000      0.319000      0.569000
                 0.283000      0.698000      0.449000      0.040000      0.920000      3.408000      2.000000
                 0.000000      1.000000      2.000000
  C3X6           3.000000      0.500000      1.760000      1.068000      0.581000      3.000000      0.356000
                 1.596000      0.273000      0.455000      0.777000      5.846000      8.427000      6.870000
                 2.070000      1.720000      1.380000      1.380000      1.080000      0.305000      0.544000
                 0.268000      0.670000      0.416000      0.070000      0.460000      2.454000      1.500000
                 0.000000      1.000000      2.000000
  C3X5           3.000000      0.417000      1.470000      0.774000      0.545000      3.000000      0.258000
                 1.498000      0.273000      0.438000      0.830000      5.487000     11.628000      7.320000
                 1.850000      1.500000      1.240000      1.240000      1.120000      0.247000      0.466000
                 0.233000      0.564000      0.410000      0.040000      0.380000      2.454000      1.500000
                 0.000000      1.000000      2.000000
  C3X4.1         3.000000      0.342000      1.210000      0.510000      0.513000      3.000000      0.170000
                 1.410000      0.273000      0.436000      0.897000      5.165000     17.646999      7.780000
                 1.660000      1.300000      1.100000      1.100000      1.170000      0.197000      0.401000
                 0.202000      0.452000      0.404000      0.030000      0.310000      2.454000      1.500000
                 0.000000      1.000000      2.000000
  MC18X58       18.000000      4.833000     17.100000     12.600000      3.500000     18.000000      0.700000
                 4.200000      0.625000      0.862000      1.557000      6.720000     25.714001      6.860000
               676.000000     94.599998     75.099998     75.099998      6.290000     17.799999      9.940000
                 5.320000     20.650000      1.020000      2.810000   1070.000000     16.750000      9.000000
                 0.000000      2.000000      2.100000
  MC18X52       18.000000      4.325000     15.300000     10.800000      3.417000     18.000000      0.600000
                 4.100000      0.625000      0.858000      1.655000      6.560000     30.000000      7.020000
               627.000000     86.500000     69.699997     69.699997      6.410000     16.400000      9.130000
                 5.070000     19.114000      1.040000      2.030000    986.000000     16.750000      9.000000
                 0.000000      2.000000      2.100000
  MC18X46       18.000000      3.817000     13.500000      9.000000      3.333000     18.000000      0.500000
                 4.000000      0.625000      0.866000      1.775000      6.400000     36.000000      7.200000
               578.000000     78.400002     64.300003     64.300003      6.560000     15.100000      8.420000
                 4.820000     17.436001      1.060000      1.450000    897.000000     16.750000      9.000000
                 0.000000      2.000000      2.100000
  MC18X43       18.000000      3.558000     12.600000      8.100000      3.292000     18.000000      0.450000
                 3.950000      0.625000      0.877000      1.846000      6.320000     40.000000      7.290000
               554.000000     74.400002     61.599998     61.599998      6.640000     14.400000      8.100000
                 4.690000     16.420000      1.070000      1.230000    852.000000     16.750000      9.000000
                 0.000000      2.000000      2.100000
  MC13X50       13.000000      4.167000     14.700000     10.231000      3.588000     13.000000      0.787000
                 4.412000      0.610000      0.974000      1.789000      7.233000     16.518000      4.830000
               314.000000     60.500000     48.400002     48.400002      4.620000     16.500000     10.100000
                 4.790000     16.940001      1.060000      2.980000    558.000000     11.780000      6.500000
                 0.000000      2.000000      2.100000
  MC13X40       13.000000      3.333000     11.800000      7.280000      3.404000     13.000000      0.560000
                 4.185000      0.610000      0.963000      1.993000      6.861000     23.214001      5.090000
               273.000000     50.900002     42.000000     42.000000      4.820000     13.700000      8.570000
                 4.260000     14.226000      1.080000      1.570000    463.000000     11.780000      6.500000
                 0.000000      2.000000      2.100000
  MC13X35       13.000000      2.917000     10.300000      5.811000      3.312000     13.000000      0.447000
                 4.072000      0.610000      0.980000      2.140000      6.675000     29.083000      5.230000
               252.000000     46.200001     38.799999     38.799999      4.950000     12.300000      7.950000
                 3.990000     12.551000      1.100000      1.140000    413.000000     11.780000      6.500000
                 0.000000      2.000000      2.100000
  MC13X32       13.000000      2.650000      9.350000      4.875000      3.253000     13.000000      0.375000
                 4.000000      0.610000      1.000000      2.240000      6.557000     34.667000      5.330000
               239.000000     43.099998     36.799999     36.799999      5.060000     11.400000      7.600000
                 3.810000     11.400000      1.110000      0.940000    380.000000     11.780000      6.500000
                 0.000000      2.000000      2.100000
  MC12X50       12.000000      4.167000     14.700000     10.020000      3.859000     12.000000      0.835000
                 4.135000      0.700000      1.050000      1.791000      5.907000     14.371000      4.150000
               269.000000     56.099998     44.900002     44.900002      4.280000     17.400000     10.200000
                 5.650000     16.570999      1.090000      3.240000    411.000000     10.600000      6.000000
                 0.000000      2.000000      2.100000
  MC12X45       12.000000      3.750000     13.200000      8.544000      3.745000     12.000000      0.712000
                 4.012000      0.700000      1.040000      1.884000      5.731000     16.854000      4.270000
               252.000000     51.700001     42.000000     42.000000      4.360000     15.800000      9.350000
                 5.330000     15.192000      1.090000      2.350000    374.000000     10.600000      6.000000
                 0.000000      2.000000      2.100000
  MC12X40       12.000000      3.333000     11.800000      7.080000      3.631000     12.000000      0.590000
                 3.890000      0.700000      1.040000      1.992000      5.557000     20.339001      4.410000
               234.000000     47.299999     39.000000     39.000000      4.460000     14.300000      8.590000
                 5.000000     13.750000      1.100000      1.700000    336.000000     10.600000      6.000000
                 0.000000      2.000000      2.100000
  MC12X35       12.000000      2.917000     10.300000      5.604000      3.516000     12.000000      0.467000
                 3.767000      0.700000      1.050000      2.120000      5.381000     25.695999      4.550000
               216.000000     42.799999     36.099998     36.099998      4.590000     12.700000      7.910000
                 4.670000     12.095000      1.110000      1.250000    297.000000     10.600000      6.000000
                 0.000000      2.000000      2.100000
  MC12X31       12.000000      2.583000      9.120000      4.440000      3.425000     12.000000      0.370000
                 3.670000      0.700000      1.080000      2.260000      5.243000     32.431999      4.670000
               203.000000     39.299999     33.799999     33.799999      4.710000     11.300000      7.440000
                 4.390000     10.463000      1.120000      1.010000    268.000000     10.600000      6.000000
                 0.000000      2.000000      2.100000
  MC12X11       12.000000      0.883000      3.100000      2.280000      0.618000     12.000000      0.190000
                 1.500000      0.309000      0.269000      0.553000      4.854000     63.158001     25.900000
                55.400002     11.600000      9.230000      9.230000      4.220000      0.382000      0.639000
                 0.310000      1.420000      0.351000      0.060000     11.700000     11.382000      6.000000
                 0.000000      1.000000      2.100000
  MC10X41       10.000000      3.425000     12.100000      7.960000      3.313000     10.000000      0.796000
                 4.321000      0.575000      1.090000      1.954000      7.515000     12.563000      4.020000
               158.000000     38.900002     31.500000     31.500000      3.610000     15.800000      8.710000
                 4.880000     14.495000      1.140000      2.270000    270.000000      8.850000      5.000000
                 0.000000      2.000000      2.100000
  MC10X34       10.000000      2.800000      9.870000      5.750000      3.143000     10.000000      0.575000
                 4.100000      0.575000      1.080000      2.140000      7.130000     17.391001      4.240000
               139.000000     33.400002     27.799999     27.799999      3.750000     13.200000      7.510000
                 4.380000     12.222000      1.160000      1.210000    224.000000      8.850000      5.000000
                 0.000000      2.000000      2.100000
  MC10X29       10.000000      2.375000      8.370000      4.250000      3.028000     10.000000      0.425000
                 3.950000      0.575000      1.120000      2.330000      6.870000     23.528999      4.400000
               127.000000     29.600000     25.299999     25.299999      3.890000     11.400000      6.830000
                 4.020000     10.179000      1.170000      0.790000    194.000000      8.850000      5.000000
                 0.000000      1.000000      2.100000
  MC10X25       10.000000      2.083000      7.350000      3.800000      2.610000     10.000000      0.380000
                 3.405000      0.575000      0.953000      1.983000      5.922000     26.316000      5.110000
               110.000000     25.799999     22.000000     22.000000      3.870000      7.350000      5.210000
                 3.000000      7.712000      1.000000      0.640000    125.000000      8.850000      5.000000
                 0.000000      1.000000      2.100000
  MC10X22       10.000000      1.833000      6.450000      2.900000      2.542000     10.000000      0.290000
                 3.315000      0.575000      0.990000      2.120000      5.765000     34.483002      5.250000
               103.000000     23.600000     20.500000     20.500000      3.990000      6.500000      4.860000
                 2.800000      6.566000      1.000000      0.510000    111.000000      8.850000      5.000000
                 0.000000      1.000000      2.100000
  MC10X8.4      10.000000      0.700000      2.460000      1.700000      0.560000     10.000000      0.170000
                 1.500000      0.280000      0.284000      0.616000      5.357000     58.824001     23.799999
                32.000000      7.860000      6.400000      6.400000      3.610000      0.328000      0.552000
                 0.270000      1.155000      0.365000      0.040000      7.010000      9.440000      5.000000
                 0.000000      1.000000      2.100000
  MC10X6.5      10.000000      0.542000      1.910000      1.520000      0.304000     10.000000      0.152000
                 1.127000      0.202000      0.180000      0.347000      5.579000     65.789001     43.799999
                22.100000      5.730000      4.420000      4.420000      3.400000      0.112000      0.250000
                 0.118000      0.622000      0.242000      0.020000      2.450000      9.596000      5.000000
                 0.000000      1.000000      2.100000
  MC9X25.4       9.000000      2.117000      7.470000      4.050000      2.567000      9.000000      0.450000
                 3.500000      0.550000      0.970000      1.956000      6.364000     20.000000      4.680000
                88.000000     23.200001     19.600000     19.600000      3.430000      7.650000      5.230000
                 3.020000      7.887000      1.010000      0.690000    104.000000      7.900000      4.500000
                 0.000000      1.000000      2.100000
  MC9X23.9       9.000000      1.992000      7.020000      3.600000      2.530000      9.000000      0.400000
                 3.450000      0.550000      0.981000      2.021000      6.273000     22.500000      4.740000
                85.000000     22.200001     18.900000     18.900000      3.480000      7.220000      5.050000
                 2.930000      7.360000      1.010000      0.600000     98.199997      7.900000      4.500000
                 0.000000      1.000000      2.100000
  MC8X22.8       8.000000      1.900000      6.700000      3.416000      2.451000      8.000000      0.427000
                 3.502000      0.525000      1.010000      2.050000      6.670000     18.735001      4.350000
                63.799999     18.799999     16.000000     16.000000      3.090000      7.070000      4.880000
                 2.840000      7.000000      1.030000      0.570000     75.300003      6.950000      4.000000
                 0.000000      1.000000      2.100000
  MC8X21.4       8.000000      1.783000      6.280000      3.000000      2.415000      8.000000      0.375000
                 3.450000      0.525000      1.020000      2.110000      6.571000     21.333000      4.420000
                61.599998     18.000000     15.400000     15.400000      3.130000      6.640000      4.710000
                 2.740000      6.510000      1.030000      0.500000     70.900002      6.950000      4.000000
                 0.000000      1.000000      2.100000
  MC8X20         8.000000      1.667000      5.880000      3.200000      2.017000      8.000000      0.400000
                 3.025000      0.500000      0.840000      1.683000      6.050000     20.000000      5.290000
                54.500000     16.200001     13.600000     13.600000      3.050000      4.470000      3.570000
                 2.050000      5.321000      0.872000      0.440000     47.900002      7.000000      4.000000
                 0.000000      1.000000      2.100000
  MC8X18.7       8.000000      1.558000      5.500000      2.824000      1.985000      8.000000      0.353000
                 2.978000      0.500000      0.849000      1.738000      5.956000     22.663000      5.370000
                52.500000     15.400000     13.100000     13.100000      3.090000      4.200000      3.440000
                 1.970000      4.947000      0.874000      0.380000     45.099998      7.000000      4.000000
                 0.000000      1.000000      2.100000
  MC8X8.5        8.000000      0.708000      2.500000      1.432000      0.777000      8.000000      0.179000
                 1.874000      0.311000      0.428000      0.970000      6.026000     44.693001     13.700000
                23.299999      6.910000      5.830000      5.830000      3.050000      0.628000      0.882000
                 0.434000      1.467000      0.501000      0.060000      8.220000      7.378000      4.000000
                 0.000000      1.000000      2.100000
  MC7X22.7       7.000000      1.892000      6.670000      3.521000      2.402000      7.000000      0.503000
                 3.603000      0.500000      1.040000      2.050000      7.206000     13.917000      3.890000
                47.500000     16.200001     13.600000     13.600000      2.670000      7.290000      4.860000
                 2.850000      7.010000      1.050000      0.630000     58.500000      6.000000      3.500000
                 0.000000      1.000000      2.100000
  MC7X19.1       7.000000      1.592000      5.610000      2.464000      2.301000      7.000000      0.352000
                 3.452000      0.500000      1.080000      2.230000      6.904000     19.886000      4.060000
                43.200001     14.300000     12.300000     12.300000      2.770000      6.110000      4.340000
                 2.570000      5.657000      1.040000      0.410000     49.400002      6.000000      3.500000
                 0.000000      1.000000      2.100000
  MC6X18         6.000000      1.500000      5.290000      2.274000      2.219000      6.000000      0.379000
                 3.504000      0.475000      1.120000      2.290000      7.377000     15.831000      3.600000
                29.700001     11.500000      9.910000      9.910000      2.370000      5.930000      4.140000
                 2.480000      5.295000      1.060000      0.380000     34.599998      5.050000      3.000000
                 0.000000      1.000000      2.100000
  MC6X15.3       6.000000      1.275000      4.500000      2.040000      1.797000      6.000000      0.340000
                 3.500000      0.385000      1.050000      2.210000      9.091000     17.646999      4.450000
                25.400000      9.820000      8.470000      8.470000      2.380000      4.970000      3.280000
                 2.030000      4.733000      1.050000      0.220000     30.100000      5.230000      3.000000
                 0.000000      1.000000      2.100000
  MC6X16.3       6.000000      1.358000      4.790000      2.250000      1.900000      6.000000      0.375000
                 3.000000      0.475000      0.927000      1.857000      6.316000     16.000000      4.210000
                26.000000     10.200000      8.680000      8.680000      2.330000      3.820000      3.180000
                 1.840000      4.121000      0.892000      0.340000     22.100000      5.050000      3.000000
                 0.000000      1.000000      2.100000
  MC6X15.1       6.000000      1.258000      4.440000      1.896000      1.863000      6.000000      0.316000
                 2.941000      0.475000      0.940000      1.922000      6.192000     18.987000      4.290000
                25.000000      9.690000      8.320000      8.320000      2.370000      3.510000      3.000000
                 1.750000      3.734000      0.889000      0.290000     20.600000      5.050000      3.000000
                 0.000000      1.000000      2.100000
  MC6X12         6.000000      1.000000      3.530000      1.860000      1.249000      6.000000      0.310000
                 2.497000      0.375000      0.704000      1.429000      6.659000     19.355000      6.410000
                18.700001      7.380000      6.240000      6.240000      2.300000      1.870000      1.790000
                 1.040000      2.656000      0.728000      0.150000     11.200000      5.250000      3.000000
                 0.000000      1.000000      2.100000

