 W42G           15.000 3.500 1.500 0.000 30.000  2.000 5.000 42.000 20.000 6.000 6.000 0.000  7.000  7.000
 W50G           20.000 5.000 2.000 0.000 34.000  3.000 6.000 50.000 25.000 6.000 6.000 0.000  9.500  9.500
 W58G           25.000 5.000 2.000 0.000 42.000  3.000 6.000 58.000 25.000 6.000 6.000 0.000  9.500  9.500
 W74G           43.000 2.875 2.625 2.000 57.000  3.000 6.000 73.500 25.000 6.000 6.000 2.000 16.500  9.500
 TypeI          12.000 4.000 3.000 0.000 11.000  5.000 5.000 28.000 16.000 6.000 6.000 0.000  3.000  5.000
 TypeII         12.000 6.000 3.000 0.000 15.000  6.000 6.000 36.000 18.000 6.000 6.000 0.000  3.000  6.000
 TypeIII        16.000 7.000 4.500 0.000 19.000  7.500 7.000 45.000 22.000 7.000 7.000 0.000  4.500  7.500
 TypeIV         20.000 8.000 6.000 0.000 23.000  9.000 8.000 54.000 26.000 8.000 8.000 0.000  6.000  9.000
 TypeV          42.000 5.000 3.000 4.000 33.000 10.000 8.000 63.000 28.000 8.000 8.000 4.000 13.000 10.000
 TypeVI         42.000 5.000 3.000 4.000 42.000 10.000 8.000 72.000 28.000 8.000 8.000 4.000 13.000 10.000

