
  TABLE  DATA
                 ND            OD            ID            THICK         AX            AY            AZ      
                 IY            SY            RY            IX            ZY            IZ            SZ      
                 RZ            ZZ            YD            ZD            YC            ZC            CW      
                 GRPNUM        SHAPE   
  P0.5STD        0.500000      0.840000      0.622000      0.109000      0.250000      0.125000      0.125000
                 0.017000      0.041000      0.261000      0.034000      0.059000      0.017000      0.041000
                 0.261000      0.059000      0.840000      0.840000      0.420000      0.420000      0.000000
                 1.000000      5.100000
  P0.75STD       0.750000      1.050000      0.824000      0.113000      0.333000      0.166000      0.166000
                 0.037000      0.071000      0.334000      0.074000      0.100000      0.037000      0.071000
                 0.334000      0.100000      1.050000      1.050000      0.525000      0.525000      0.000000
                 1.000000      5.100000
  P1.0STD        1.000000      1.315000      1.049000      0.133000      0.494000      0.247000      0.247000
                 0.087000      0.133000      0.421000      0.175000      0.187000      0.087000      0.133000
                 0.421000      0.187000      1.315000      1.315000      0.658000      0.658000      0.000000
                 1.000000      5.100000
  P1.25STD       1.250000      1.660000      1.380000      0.140000      0.669000      0.334000      0.334000
                 0.195000      0.235000      0.540000      0.389000      0.324000      0.195000      0.235000
                 0.540000      0.324000      1.660000      1.660000      0.830000      0.830000      0.000000
                 1.000000      5.100000
  P1.5STD        1.500000      1.900000      1.610000      0.145000      0.799000      0.400000      0.400000
                 0.310000      0.326000      0.623000      0.620000      0.448000      0.310000      0.326000
                 0.623000      0.448000      1.900000      1.900000      0.950000      0.950000      0.000000
                 1.000000      5.100000
  P2.0STD        2.000000      2.375000      2.067000      0.154000      1.070000      0.535000      0.535000
                 0.666000      0.561000      0.787000      1.330000      0.761000      0.666000      0.561000
                 0.787000      0.761000      2.375000      2.375000      1.188000      1.188000      0.000000
                 1.000000      5.100000
  P2.5STD        2.500000      2.875000      2.469000      0.203000      1.700000      0.850000      0.850000
                 1.539000      1.060000      0.947000      3.060000      1.450000      1.530000      1.060000
                 0.947000      1.450000      2.875000      2.875000      1.438000      1.438000      0.000000
                 1.000000      5.100000
  P3.0STD        3.000000      3.500000      3.068000      0.216000      2.230000      1.115000      1.115000
                 3.020000      1.720000      1.160000      6.030000      2.330000      3.020000      1.720000
                 1.160000      2.330000      3.500000      3.500000      1.750000      1.750000      0.000000
                 1.000000      5.100000
  P3.5STD        3.500000      4.000000      3.548000      0.226000      2.680000      1.340000      1.340000
                 4.790000      2.390000      1.340000      9.580000      3.220000      4.790000      2.390000
                 1.340000      3.220000      4.000000      4.000000      2.000000      2.000000      0.000000
                 1.000000      5.100000
  P4.0STD        4.000000      4.500000      4.026000      0.237000      3.170000      1.585000      1.585000
                 7.230000      3.210000      1.510000     14.500000      4.310000      7.230000      3.210000
                 1.510000      4.310000      4.500000      4.500000      2.250000      2.250000      0.000000
                 1.000000      5.100000
  P5.0STD        5.000000      5.563000      5.047000      0.258000      4.300000      2.150000      2.150000
                15.200000      5.450000      1.880000     30.299999      7.270000     15.200000      5.450000
                 1.880000      7.270000      5.563000      5.563000      2.781000      2.781000      0.000000
                 1.000000      5.100000
  P6.0STD        6.000000      6.625000      6.065000      0.280000      5.580000      2.790000      2.790000
                28.100000      8.500000      2.250000     56.299999     11.200000     28.100000      8.500000
                 2.250000     11.200000      6.625000      6.625000      3.313000      3.313000      0.000000
                 1.000000      5.100000
  P8.0STD        8.000000      8.625000      7.981000      0.322000      8.400000      4.200000      4.200000
                72.500000     16.799999      2.940000    145.000000     22.200001     72.500000     16.799999
                 2.940000     22.200001      8.625000      8.625000      4.313000      4.313000      0.000000
                 1.000000      5.100000
  P10.0STD      10.000000     10.750000     10.020000      0.365000     11.900000      5.950000      5.950000
               161.000000     29.900000      3.670000    321.000000     39.400002    161.000000     29.900000
                 3.670000     39.400002     10.750000     10.750000      5.375000      5.375000      0.000000
                 1.000000      5.100000
  P12.0STD      12.000000     12.750000     12.000000      0.375000     14.600000      7.300000      7.300000
               279.000000     43.799999      4.380000    559.000000     57.400002    279.000000     43.799999
                 4.380000     57.400002     12.750000     12.750000      6.375000      6.375000      0.000000
                 1.000000      5.100000
  P0.5XS         0.500000      0.840000      0.546000      0.147000      0.320000      0.160000      0.160000
                 0.020000      0.048000      0.250000      0.040000      0.072000      0.020000      0.048000
                 0.250000      0.072000      0.840000      0.840000      0.420000      0.420000      0.000000
                 1.000000      5.100000
  P0.75XS        0.750000      1.050000      0.742000      0.154000      0.433000      0.217000      0.217000
                 0.045000      0.085000      0.321000      0.090000      0.125000      0.045000      0.085000
                 0.321000      0.125000      1.050000      1.050000      0.525000      0.525000      0.000000
                 1.000000      5.100000
  P1.0XS         1.000000      1.315000      0.957000      0.179000      0.639000      0.319000      0.319000
                 0.106000      0.161000      0.407000      0.211000      0.233000      0.106000      0.161000
                 0.407000      0.233000      1.315000      1.315000      0.658000      0.658000      0.000000
                 1.000000      5.100000
  P1.25XS        1.250000      1.660000      1.278000      0.191000      0.881000      0.441000      0.441000
                 0.242000      0.291000      0.524000      0.484000      0.414000      0.242000      0.291000
                 0.524000      0.414000      1.660000      1.660000      0.830000      0.830000      0.000000
                 1.000000      5.100000
  P1.5XS         1.500000      1.900000      1.500000      0.200000      1.070000      0.535000      0.535000
                 0.391000      0.412000      0.605000      0.782000      0.581000      0.391000      0.412000
                 0.605000      0.581000      1.900000      1.900000      0.950000      0.950000      0.000000
                 1.000000      5.100000
  P2.0XS         2.000000      2.375000      1.939000      0.218000      1.480000      0.740000      0.740000
                 0.868000      0.731000      0.766000      1.740000      1.020000      0.868000      0.731000
                 0.766000      1.020000      2.375000      2.375000      1.188000      1.188000      0.000000
                 1.000000      5.100000
  P2.5XS         2.500000      2.875000      2.323000      0.276000      2.250000      1.125000      1.125000
                 1.920000      1.340000      0.924000      3.850000      1.870000      1.920000      1.340000
                 0.924000      1.870000      2.875000      2.875000      1.438000      1.438000      0.000000
                 1.000000      5.100000
  P3.0XS         3.000000      3.500000      2.900000      0.300000      3.020000      1.510000      1.510000
                 3.890000      2.230000      1.140000      8.130000      3.080000      3.890000      2.230000
                 1.140000      3.080000      3.500000      3.500000      1.750000      1.750000      0.000000
                 1.000000      5.100000
  P3.5XS         3.500000      4.000000      3.364000      0.318000      3.680000      1.840000      1.840000
                 6.280000      3.140000      1.310000     12.600000      4.320000      6.280000      3.140000
                 1.310000      4.320000      4.000000      4.000000      2.000000      2.000000      0.000000
                 1.000000      5.100000
  P4.0XS         4.000000      4.500000      3.826000      0.337000      4.410000      2.205000      2.205000
                 9.610000      4.270000      1.480000     19.200001      5.850000      9.610000      4.270000
                 1.480000      5.850000      4.500000      4.500000      2.250000      2.250000      0.000000
                 1.000000      5.100000
  P5.0XS         5.000000      5.563000      4.813000      0.375000      6.110000      3.055000      3.055000
                20.700001      7.430000      1.840000     41.299999     10.100000     20.700001      7.430000
                 1.840000     10.100000      5.563000      5.563000      2.781000      2.781000      0.000000
                 1.000000      5.100000
  P6.0XS         6.000000      6.625000      5.761000      0.432000      8.400000      4.200000      4.200000
                40.500000     12.200000      2.190000     81.000000     16.600000     40.500000     12.200000
                 2.190000     16.600000      6.625000      6.625000      3.313000      3.313000      0.000000
                 1.000000      5.100000
  P8.0XS         8.000000      8.625000      7.625000      0.500000     12.800000      6.400000      6.400000
               106.000000     24.500000      2.880000    211.000000     33.000000    106.000000     24.500000
                 2.880000     33.000000      8.625000      8.625000      4.313000      4.313000      0.000000
                 1.000000      5.100000
  P10.0XS       10.000000     10.750000      9.750000      0.500000     16.100000      8.050000      8.050000
               212.000000     39.400002      3.630000    424.000000     52.599998    212.000000     39.400002
                 3.630000     52.599998     10.750000     10.750000      5.375000      5.375000      0.000000
                 1.000000      5.100000
  P12.0XS       12.000000     12.750000     11.750000      0.500000     19.200001      9.600000      9.600000
               362.000000     56.700001      4.330000    723.000000     75.099998    362.000000     56.700001
                 4.330000     75.099998     12.750000     12.750000      6.375000      6.375000      0.000000
                 1.000000      5.100000
  P2.0XXS        2.000000      2.375000      1.503000      0.436000      2.660000      1.330000      1.330000
                 1.310000      1.100000      0.703000      2.620000      1.670000      1.310000      1.100000
                 0.703000      1.670000      2.375000      2.375000      1.188000      1.188000      0.000000
                 1.000000      5.100000
  P2.5XXS        2.500000      2.875000      1.771000      0.552000      4.030000      2.015000      2.015000
                 2.870000      2.000000      0.844000      5.740000      3.040000      2.870000      2.000000
                 0.844000      3.040000      2.875000      2.875000      1.438000      1.438000      0.000000
                 1.000000      5.100000
  P3.0XXS        3.000000      3.500000      2.300000      0.600000      5.470000      2.735000      2.735000
                 5.990000      3.420000      1.050000     12.000000      5.120000      5.990000      3.420000
                 1.050000      5.120000      3.500000      3.500000      1.750000      1.750000      0.000000
                 1.000000      5.100000
  P4.0XXS        4.000000      4.500000      3.152000      0.674000      8.100000      4.050000      4.050000
                15.300000      6.790000      1.370000     30.600000      9.970000     15.300000      6.790000
                 1.370000      9.970000      4.500000      4.500000      2.250000      2.250000      0.000000
                 1.000000      5.100000
  P5.0XXS        5.000000      5.563000      4.063000      0.750000     11.300000      5.650000      5.650000
                33.599998     12.100000      1.720000     67.300003     17.500000     33.599998     12.100000
                 1.720000     17.500000      5.563000      5.563000      2.781000      2.781000      0.000000
                 1.000000      5.100000
  P6.0XXS        6.000000      6.625000      4.897000      0.864000     15.600000      7.800000      7.800000
                66.300003     20.000000      2.060000    133.000000     28.900000     66.300003     20.000000
                 2.060000     28.900000      6.625000      6.625000      3.313000      3.313000      0.000000
                 1.000000      5.100000
  P8.0XXS        8.000000      8.625000      6.875000      0.875000     21.299999     10.650000     10.650000
               162.000000     37.599998      2.760000    324.000000     52.799999    162.000000     37.599998
                 2.760000     52.799999      8.625000      8.625000      4.313000      4.313000      0.000000
                 1.000000      5.100000
