
  TABLE  DATA
                 ND            WEIGHT        AX            AY            AZ            YD            WBTK    
                 ZD            FLTK          BF/2TF        D/TW          RT            YD/AFL        IZ      
                 SZ            SZS           RZ            IY            SY            SYS           RY      
                 ZZ            ZY            IX            CW            INTYD         YC            ZC      
                 EY            EZ            GRPNUM        SHAPE   
  W14X730       14.000000     60.833000    215.000000     68.829002    117.120003     22.420000      3.070000
                17.889999      4.910000      1.800000      7.300000      4.990000      0.250000  14300.000000
              1280.000000   1280.000000      8.170000   4720.000000    527.000000    527.000000      4.690000
              1660.000000    816.000000   1450.000000 362000.000000     12.600000     11.210000      8.945000
                 0.000000      0.000000      5.000000      1.000000
  W14X665       14.000000     55.417000    196.000000     61.241001    106.371002     21.639999      2.830000
                17.650000      4.520000      2.000000      7.600000      4.920000      0.270000  12400.000000
              1150.000000   1150.000000      7.980000   4170.000000    472.000000    472.000000      4.620000
              1480.000000    730.000000   1120.000000 305000.000000     12.600000     10.820000      8.825000
                 0.000000      0.000000      5.000000      1.000000
  W14X605       14.000000     50.417000    178.000000     54.286999     96.595001     20.920000      2.595000
                17.415001      4.160000      2.100000      8.100000      4.850000      0.290000  10800.000000
              1040.000000   1040.000000      7.800000   3680.000000    423.000000    423.000000      4.550000
              1320.000000    652.000000    870.000000 258000.000000     12.600000     10.460000      8.708000
                 0.000000      0.000000      5.000000      1.000000
  W14X550       14.000000     45.833000    162.000000     48.171001     87.605003     20.240000      2.380000
                17.200001      3.820000      2.300000      8.500000      4.790000      0.310000   9430.000000
               931.000000    931.000000      7.630000   3250.000000    378.000000    378.000000      4.490000
              1180.000000    583.000000    670.000000 219000.000000     12.600000     10.120000      8.600000
                 0.000000      0.000000      4.000000      1.000000
  W14X500       14.000000     41.667000    147.000000     42.924000     79.379997     19.600000      2.190000
                17.010000      3.500000      2.400000      8.900000      4.730000      0.330000   8210.000000
               838.000000    838.000000      7.480000   2880.000000    339.000000    339.000000      4.430000
              1050.000000    522.000000    514.000000 187000.000000     12.600000      9.800000      8.505000
                 0.000000      0.000000      4.000000      1.000000
  W14X455       14.000000     37.917000    134.000000     38.325001     72.054001     19.020000      2.015000
                16.834999      3.210000      2.600000      9.400000      4.680000      0.350000   7190.000000
               756.000000    756.000000      7.330000   2560.000000    304.000000    304.000000      4.380000
               936.000000    468.000000    395.000000 160000.000000     12.600000      9.510000      8.417000
                 0.000000      0.000000      4.000000      1.000000
  W14X426       14.000000     35.500000    125.000000     35.006001     67.558998     18.670000      1.875000
                16.695000      3.035000      2.800000     10.000000      4.640000      0.370000   6600.000000
               707.000000    707.000000      7.260000   2360.000000    283.000000    283.000000      4.340000
               869.000000    434.000000    331.000000 144000.000000     12.600000      9.335000      8.347000
                 0.000000      0.000000      4.000000      1.000000
  W14X398       14.000000     33.167000    117.000000     32.373001     62.931000     18.290001      1.770000
                16.590000      2.845000      2.900000     10.300000      4.610000      0.390000   6000.000000
               656.000000    656.000000      7.160000   2170.000000    262.000000    262.000000      4.310000
               801.000000    402.000000    273.000000 129000.000000     12.600000      9.145000      8.295000
                 0.000000      0.000000      4.000000      1.000000
  W14X370       14.000000     30.833000    109.000000     29.658001     58.431000     17.920000      1.655000
                16.475000      2.660000      3.100000     10.800000      4.570000      0.410000   5440.000000
               607.000000    607.000000      7.070000   1990.000000    241.000000    241.000000      4.270000
               736.000000    370.000000    222.000000 116000.000000     12.600000      8.960000      8.238000
                 0.000000      0.000000      4.000000      1.000000
  W14X342       14.000000     28.500000    101.000000     27.011999     53.879002     17.540001      1.540000
                16.360001      2.470000      3.300000     11.400000      4.540000      0.430000   4900.000000
               559.000000    559.000000      6.980000   1810.000000    221.000000    221.000000      4.240000
               672.000000    338.000000    178.000000 103000.000000     12.600000      8.770000      8.180000
                 0.000000      0.000000      4.000000      1.000000
  W14X311       14.000000     25.917000     91.400002     24.139000     48.905998     17.120001      1.410000
                16.230000      2.260000      3.600000     12.100000      4.500000      0.470000   4330.000000
               506.000000    506.000000      6.880000   1610.000000    199.000000    199.000000      4.200000
               603.000000    304.000000    136.000000  89100.000000     12.600000      8.560000      8.115000
                 0.000000      0.000000      4.000000      1.000000
  W14X283       14.000000     23.583000     83.300003     21.594999     44.464001     16.740000      1.290000
                16.110001      2.070000      3.900000     13.000000      4.460000      0.500000   3840.000000
               459.000000    459.000000      6.790000   1440.000000    179.000000    179.000000      4.170000
               542.000000    274.000000    104.000000  77700.000000     12.600000      8.370000      8.055000
                 0.000000      0.000000      4.000000      1.000000
  W14X257       14.000000     21.417000     75.599998     19.246000     40.306999     16.379999      1.175000
                15.995000      1.890000      4.200000     13.900000      4.430000      0.540000   3400.000000
               415.000000    415.000000      6.710000   1290.000000    161.000000    161.000000      4.130000
               487.000000    246.000000     79.099998  67800.000000     12.600000      8.190000      7.998000
                 0.000000      0.000000      4.000000      1.000000
  W14X233       14.000000     19.417000     68.500000     17.163000     36.441002     16.040001      1.070000
                15.890000      1.720000      4.600000     15.000000      4.400000      0.590000   3010.000000
               375.000000    375.000000      6.630000   1150.000000    145.000000    145.000000      4.100000
               436.000000    221.000000     59.500000  59000.000000     12.600000      8.020000      7.945000
                 0.000000      0.000000      4.000000      1.000000
  W14X211       14.000000     17.583000     62.000000     15.406000     32.863998     15.720000      0.980000
                15.800000      1.560000      5.100000     16.000000      4.370000      0.640000   2660.000000
               338.000000    338.000000      6.550000   1030.000000    130.000000    130.000000      4.070000
               390.000000    198.000000     44.599998  51500.000000     12.600000      7.860000      7.900000
                 0.000000      0.000000      3.000000      1.000000
  W14X193       14.000000     16.083000     56.799999     13.777000     30.163000     15.480000      0.890000
                15.710000      1.440000      5.500000     17.400000      4.350000      0.680000   2400.000000
               310.000000    310.000000      6.500000    931.000000    119.000000    119.000000      4.050000
               355.000000    180.000000     34.799999  45900.000000     12.600000      7.740000      7.855000
                 0.000000      0.000000      3.000000      1.000000
  W14X176       14.000000     14.667000     51.799999     12.633000     27.334999     15.220000      0.830000
                15.650000      1.310000      6.000000     18.299999      4.320000      0.740000   2140.000000
               281.000000    281.000000      6.430000    838.000000    107.000000    107.000000      4.020000
               320.000000    163.000000     26.500000  40500.000000     12.600000      7.610000      7.825000
                 0.000000      0.000000      3.000000      1.000000
  W14X159       14.000000     13.250000     46.700001     11.160000     24.695999     14.980000      0.745000
                15.565000      1.190000      6.500000     20.100000      4.300000      0.810000   1900.000000
               254.000000    254.000000      6.380000    748.000000     96.199997     96.199997      4.000000
               287.000000    146.000000     19.799999  35600.000000     12.600000      7.490000      7.782000
                 0.000000      0.000000      3.000000      1.000000
  W14X145       14.000000     12.083000     42.700001     10.050000     22.527000     14.780000      0.680000
                15.500000      1.090000      7.100000     21.700001      4.280000      0.880000   1710.000000
               232.000000    232.000000      6.330000    677.000000     87.300003     87.300003      3.980000
               260.000000    133.000000     15.200000  31700.000000     12.600000      7.390000      7.750000
                 0.000000      0.000000      3.000000      1.000000
  W14X132       14.000000     11.000000     38.799999      9.456000     20.222000     14.660000      0.645000
                14.725000      1.030000      7.100000     22.700001      4.050000      0.970000   1530.000000
               209.000000    209.000000      6.280000    548.000000     74.500000     74.500000      3.760000
               234.000000    113.000000     12.300000  25500.000000     12.600000      7.330000      7.363000
                 0.000000      0.000000      2.000000      1.000000
  W14X120       14.000000     10.000000     35.299999      8.543000     18.386000     14.480000      0.590000
                14.670000      0.940000      7.800000     24.500000      4.040000      1.050000   1380.000000
               190.000000    190.000000      6.240000    495.000000     67.500000     67.500000      3.740000
               212.000000    102.000000      9.370000  22700.000000     12.600000      7.240000      7.335000
                 0.000000      0.000000      2.000000      1.000000
  W14X109       14.000000      9.083000     32.000000      7.518000     16.747000     14.320000      0.525000
                14.605000      0.860000      8.500000     27.299999      4.020000      1.140000   1240.000000
               173.000000    173.000000      6.220000    447.000000     61.200001     61.200001      3.730000
               192.000000     92.699997      7.120000  20200.000000     12.600000      7.160000      7.302000
                 0.000000      0.000000      2.000000      1.000000
  W14X99        14.000000      8.250000     29.100000      6.868000     15.148000     14.160000      0.485000
                14.565000      0.780000      9.300000     29.200001      4.000000      1.250000   1110.000000
               157.000000    157.000000      6.170000    402.000000     55.200001     55.200001      3.710000
               173.000000     83.599998      5.370000  18000.000000     12.600000      7.080000      7.282000
                 0.000000      0.000000      2.000000      1.000000
  W14X90        14.000000      7.500000     26.500000      6.169000     13.746000     14.020000      0.440000
                14.520000      0.710000     10.200000     31.900000      3.990000      1.360000    999.000000
               143.000000    143.000000      6.140000    362.000000     49.900002     49.900002      3.700000
               157.000000     75.599998      4.060000  16000.000000     12.600000      7.010000      7.260000
                 0.000000      0.000000      2.000000      1.000000
  W14X82        14.000000      6.833000     24.100000      7.298000     11.548000     14.310000      0.510000
                10.130000      0.855000      5.900000     28.100000      2.740000      1.650000    882.000000
               123.000000    123.000000      6.050000    148.000000     29.299999     29.299999      2.480000
               139.000000     44.799999      5.080000   6710.000000     12.600000      7.155000      5.065000
                 0.000000      0.000000      2.000000      1.000000
  W14X74        14.000000      6.167000     21.799999      6.376000     10.540000     14.170000      0.450000
                10.070000      0.785000      6.400000     31.500000      2.720000      1.790000    796.000000
               112.000000    112.000000      6.040000    134.000000     26.600000     26.600000      2.480000
               126.000000     40.599998      3.880000   5990.000000     12.600000      7.085000      5.035000
                 0.000000      0.000000      2.000000      1.000000
  W14X68        14.000000      5.667000     20.000000      5.827000      9.634000     14.040000      0.415000
                10.035000      0.720000      7.000000     33.799999      2.710000      1.940000    723.000000
               103.000000    103.000000      6.010000    121.000000     24.200001     24.200001      2.460000
               115.000000     36.900002      3.020000   5380.000000     12.600000      7.020000      5.017000
                 0.000000      0.000000      2.000000      1.000000
  W14X61        14.000000      5.083000     17.900000      5.209000      8.596000     13.890000      0.375000
                 9.995000      0.645000      7.700000     37.000000      2.700000      2.150000    640.000000
                92.199997     92.199997      5.980000    107.000000     21.500000     21.500000      2.450000
               102.000000     32.799999      2.200000   4710.000000     12.600000      6.945000      4.998000
                 0.000000      0.000000      2.000000      1.000000
  W14X53        14.000000      4.417000     15.600000      5.150000      7.093000     13.920000      0.370000
                 8.060000      0.660000      6.100000     37.599998      2.150000      2.620000    541.000000
                77.800003     77.800003      5.890000     57.700001     14.300000     14.300000      1.920000
                87.099998     22.000000      1.940000   2540.000000     12.600000      6.960000      4.030000
                 0.000000      0.000000      1.000000      1.000000
  W14X48        14.000000      4.000000     14.100000      4.689000      6.370000     13.790000      0.340000
                 8.030000      0.595000      6.700000     40.599998      2.130000      2.890000    485.000000
                70.300003     70.300003      5.850000     51.400002     12.800000     12.800000      1.910000
                78.400002     19.600000      1.460000   2240.000000     12.600000      6.895000      4.015000
                 0.000000      0.000000      1.000000      1.000000
  W14X43        14.000000      3.583000     12.600000      4.166000      5.650000     13.660000      0.305000
                 7.995000      0.530000      7.500000     44.799999      2.120000      3.220000    428.000000
                62.700001     62.700001      5.820000     45.200001     11.300000     11.300000      1.890000
                69.599998     17.299999      1.050000   1950.000000     12.600000      6.830000      3.997000
                 0.000000      0.000000      1.000000      1.000000
  W12X336       12.000000     28.000000     98.800003     29.855000     52.737000     16.820000      1.775000
                13.385000      2.955000      2.300000      9.500000      3.710000      0.430000   4060.000000
               483.000000    483.000000      6.410000   1190.000000    177.000000    177.000000      3.470000
               603.000000    274.000000    243.000000  57000.000000     10.910000      8.410000      6.693000
                 0.000000      0.000000      4.000000      1.000000
  W12X305       12.000000     25.417000     89.599998     26.520000     47.734001     16.320000      1.625000
                13.235000      2.705000      2.400000     10.000000      3.670000      0.460000   3550.000000
               435.000000    435.000000      6.290000   1050.000000    159.000000    159.000000      3.420000
               537.000000    244.000000    185.000000  48600.000000     10.910000      8.160000      6.618000
                 0.000000      0.000000      4.000000      1.000000
  W12X279       12.000000     23.250000     81.900002     24.250999     43.273998     15.850000      1.530000
                13.140000      2.470000      2.700000     10.400000      3.640000      0.490000   3110.000000
               393.000000    393.000000      6.160000    937.000000    143.000000    143.000000      3.380000
               481.000000    220.000000    143.000000  42000.000000     10.910000      7.925000      6.570000
                 0.000000      0.000000      4.000000      1.000000
  W12X252       12.000000     21.000000     74.099998     21.497000     39.014999     15.410000      1.395000
                13.005000      2.250000      2.900000     11.000000      3.590000      0.530000   2720.000000
               353.000000    353.000000      6.060000    828.000000    127.000000    127.000000      3.340000
               428.000000    196.000000    108.000000  35800.000000     10.910000      7.705000      6.502000
                 0.000000      0.000000      4.000000      1.000000
  W12X230       12.000000     19.167000     67.699997     19.339001     35.590000     15.050000      1.285000
                12.895000      2.070000      3.100000     11.700000      3.560000      0.560000   2420.000000
               321.000000    321.000000      5.970000    742.000000    115.000000    115.000000      3.310000
               386.000000    177.000000     83.800003  31200.000000     10.910000      7.525000      6.448000
                 0.000000      0.000000      4.000000      1.000000
  W12X210       12.000000     17.500000     61.799999     17.358000     32.401001     14.710000      1.180000
                12.790000      1.900000      3.400000     12.500000      3.530000      0.610000   2140.000000
               292.000000    292.000000      5.890000    664.000000    104.000000    104.000000      3.280000
               348.000000    159.000000     64.699997  27200.000000     10.910000      7.355000      6.395000
                 0.000000      0.000000      4.000000      1.000000
  W12X190       12.000000     15.833000     55.799999     15.243000     29.309999     14.380000      1.060000
                12.670000      1.735000      3.700000     13.600000      3.500000      0.650000   1890.000000
               263.000000    263.000000      5.820000    589.000000     93.000000     93.000000      3.250000
               311.000000    143.000000     48.799999  23600.000000     10.910000      7.190000      6.335000
                 0.000000      0.000000      3.000000      1.000000
  W12X170       12.000000     14.167000     50.000000     13.469000     26.146000     14.030000      0.960000
                12.570000      1.560000      4.000000     14.600000      3.470000      0.720000   1650.000000
               235.000000    235.000000      5.740000    517.000000     82.300003     82.300003      3.220000
               275.000000    126.000000     35.599998  20100.000000     10.910000      7.015000      6.285000
                 0.000000      0.000000      3.000000      1.000000
  W12X152       12.000000     12.667000     44.700001     11.928000     23.296000     13.710000      0.870000
                12.480000      1.400000      4.500000     15.800000      3.440000      0.790000   1430.000000
               209.000000    209.000000      5.660000    454.000000     72.800003     72.800003      3.190000
               243.000000    111.000000     25.799999  17200.000000     10.910000      6.855000      6.240000
                 0.000000      0.000000      3.000000      1.000000
  W12X136       12.000000     11.333000     39.900002     10.594000     20.667000     13.410000      0.790000
                12.400000      1.250000      5.000000     17.000000      3.410000      0.870000   1240.000000
               186.000000    186.000000      5.580000    398.000000     64.199997     64.199997      3.160000
               214.000000     98.000000     18.500000  14700.000000     10.910000      6.705000      6.200000
                 0.000000      0.000000      3.000000      1.000000
  W12X120       12.000000     10.000000     35.299999      9.315000     18.150999     13.120000      0.710000
                12.320000      1.105000      5.600000     18.500000      3.380000      0.960000   1070.000000
               163.000000    163.000000      5.510000    345.000000     56.000000     56.000000      3.130000
               186.000000     85.400002     12.900000  12400.000000     10.910000      6.560000      6.160000
                 0.000000      0.000000      3.000000      1.000000
  W12X106       12.000000      8.833000     31.200001      7.863000     16.129999     12.890000      0.610000
                12.220000      0.990000      6.200000     21.100000      3.360000      1.070000    933.000000
               145.000000    145.000000      5.470000    301.000000     49.299999     49.299999      3.110000
               164.000000     75.099998      9.130000  10700.000000     10.910000      6.445000      6.110000
                 0.000000      0.000000      2.000000      1.000000
  W12X96        12.000000      8.000000     28.200001      6.991000     14.592000     12.710000      0.550000
                12.160000      0.900000      6.800000     23.100000      3.340000      1.160000    833.000000
               131.000000    131.000000      5.440000    270.000000     44.400002     44.400002      3.090000
               147.000000     67.500000      6.860000   9410.000000     10.910000      6.355000      6.080000
                 0.000000      0.000000      2.000000      1.000000
  W12X87        12.000000      7.250000     25.600000      6.453000     13.095000     12.530000      0.515000
                12.125000      0.810000      7.500000     24.299999      3.320000      1.280000    740.000000
               118.000000    118.000000      5.380000    241.000000     39.700001     39.700001      3.070000
               132.000000     60.400002      5.100000   8270.000000     10.910000      6.265000      6.063000
                 0.000000      0.000000      2.000000      1.000000
  W12X79        12.000000      6.583000     23.200001      5.819000     11.838000     12.380000      0.470000
                12.080000      0.735000      8.200000     26.299999      3.310000      1.390000    662.000000
               107.000000    107.000000      5.340000    216.000000     35.799999     35.799999      3.050000
               119.000000     54.299999      3.840000   7330.000000     10.910000      6.190000      6.040000
                 0.000000      0.000000      2.000000      1.000000
  W12X72        12.000000      6.000000     21.100000      5.267000     10.756000     12.250000      0.430000
                12.040000      0.670000      9.000000     28.500000      3.290000      1.520000    597.000000
                97.400002     97.400002      5.310000    195.000000     32.400002     32.400002      3.040000
               108.000000     49.200001      2.930000   6540.000000     10.910000      6.125000      6.020000
                 0.000000      0.000000      2.000000      1.000000
  W12X65        12.000000      5.417000     19.100000      4.727000      9.680000     12.120000      0.390000
                12.000000      0.605000      9.900000     31.100000      3.280000      1.670000    533.000000
                87.900002     87.900002      5.280000    174.000000     29.100000     29.100000      3.020000
                96.800003     44.099998      2.180000   5780.000000     10.910000      6.060000      6.000000
                 0.000000      0.000000      2.000000      1.000000
  W12X58        12.000000      4.833000     17.000000      4.388000      8.542000     12.190000      0.360000
                10.010000      0.640000      7.800000     33.900002      2.720000      1.900000    475.000000
                78.000000     78.000000      5.280000    107.000000     21.400000     21.400000      2.510000
                86.400002     32.500000      2.100000   3570.000000     10.910000      6.095000      5.005000
                 0.000000      0.000000      1.000000      1.000000
  W12X53        12.000000      4.417000     15.600000      4.161000      7.663000     12.060000      0.345000
                 9.995000      0.575000      8.700000     35.000000      2.710000      2.100000    425.000000
                70.599998     70.599998      5.230000     95.800003     19.200001     19.200001      2.480000
                77.900002     29.100000      1.580000   3160.000000     10.910000      6.030000      4.998000
                 0.000000      0.000000      1.000000      1.000000
  W12X50        12.000000      4.167000     14.700000      4.510000      6.895000     12.190000      0.370000
                 8.080000      0.640000      6.300000     32.900002      2.170000      2.360000    394.000000
                64.699997     64.699997      5.180000     56.299999     13.900000     13.900000      1.960000
                72.400002     21.400000      1.780000   1880.000000     10.910000      6.095000      4.040000
                 0.000000      0.000000      1.000000      1.000000
  W12X45        12.000000      3.750000     13.200000      4.040000      6.168000     12.060000      0.335000
                 8.045000      0.575000      7.000000     36.000000      2.150000      2.610000    350.000000
                58.099998     58.099998      5.150000     50.000000     12.400000     12.400000      1.940000
                64.699997     19.000000      1.310000   1650.000000     10.910000      6.030000      4.022000
                 0.000000      0.000000      1.000000      1.000000
  W12X40        12.000000      3.333000     11.800000      3.522000      5.497000     11.940000      0.295000
                 8.005000      0.515000      7.800000     40.500000      2.140000      2.900000    310.000000
                51.900002     51.900002      5.130000     44.099998     11.000000     11.000000      1.930000
                57.500000     16.799999      0.950000   1440.000000     10.910000      5.970000      4.002000
                 0.000000      0.000000      1.000000      1.000000
  W10X112       10.000000      9.333000     32.900002      8.577000     17.358000     11.360000      0.755000
                10.415000      1.250000      4.200000     15.000000      2.880000      0.870000    716.000000
               126.000000    126.000000      4.660000    236.000000     45.299999     45.299999      2.680000
               147.000000     69.199997     15.100000   6020.000000      8.860000      5.680000      5.208000
                 0.000000      0.000000      2.000000      1.000000
  W10X100       10.000000      8.333000     29.400000      7.548000     15.441000     11.100000      0.680000
                10.340000      1.120000      4.600000     16.299999      2.850000      0.960000    623.000000
               112.000000    112.000000      4.600000    207.000000     40.000000     40.000000      2.650000
               130.000000     61.000000     10.900000   5150.000000      8.860000      5.550000      5.170000
                 0.000000      0.000000      2.000000      1.000000
  W10X88        10.000000      7.333000     25.900000      6.558000     13.550000     10.840000      0.605000
                10.265000      0.990000      5.200000     17.900000      2.830000      1.070000    534.000000
                98.500000     98.500000      4.540000    179.000000     34.799999     34.799999      2.630000
               113.000000     53.099998      7.530000   4330.000000      8.860000      5.420000      5.132000
                 0.000000      0.000000      2.000000      1.000000
  W10X77        10.000000      6.417000     22.600000      5.618000     11.820000     10.600000      0.530000
                10.190000      0.870000      5.900000     20.000000      2.800000      1.200000    455.000000
                85.900002     85.900002      4.490000    154.000000     30.100000     30.100000      2.600000
                97.599998     45.900002      5.110000   3630.000000      8.860000      5.300000      5.095000
                 0.000000      0.000000      2.000000      1.000000
  W10X68        10.000000      5.667000     20.000000      4.888000     10.400000     10.400000      0.470000
                10.130000      0.770000      6.600000     22.100000      2.790000      1.330000    394.000000
                75.699997     75.699997      4.440000    134.000000     26.400000     26.400000      2.590000
                85.300003     40.099998      3.560000   3100.000000      8.860000      5.200000      5.065000
                 0.000000      0.000000      2.000000      1.000000
  W10X60        10.000000      5.000000     17.600000      4.292000      9.139000     10.220000      0.420000
                10.080000      0.680000      7.400000     24.299999      2.770000      1.490000    341.000000
                66.699997     66.699997      4.390000    116.000000     23.000000     23.000000      2.570000
                74.599998     35.000000      2.480000   2640.000000      8.860000      5.110000      5.040000
                 0.000000      0.000000      2.000000      1.000000
  W10X54        10.000000      4.500000     15.800000      3.733000      8.225000     10.090000      0.370000
                10.030000      0.615000      8.200000     27.299999      2.750000      1.640000    303.000000
                60.000000     60.000000      4.370000    103.000000     20.600000     20.600000      2.560000
                66.599998     31.299999      1.820000   2320.000000      8.860000      5.045000      5.015000
                 0.000000      0.000000      2.000000      1.000000
  W10X49        10.000000      4.083000     14.400000      3.393000      7.467000      9.980000      0.340000
                10.000000      0.560000      8.900000     29.400000      2.740000      1.780000    272.000000
                54.599998     54.599998      4.350000     93.400002     18.700001     18.700001      2.540000
                60.400002     28.299999      1.390000   2070.000000      8.860000      4.990000      5.000000
                 0.000000      0.000000      2.000000      1.000000
  W10X45        10.000000      3.750000     13.300000      3.535000      6.630000     10.100000      0.350000
                 8.020000      0.620000      6.500000     28.900000      2.180000      2.030000    248.000000
                49.099998     49.099998      4.320000     53.400002     13.300000     13.300000      2.010000
                54.900002     20.299999      1.510000   1200.000000      8.860000      5.050000      4.010000
                 0.000000      0.000000      1.000000      1.000000
  W10X39        10.000000      3.250000     11.500000      3.125000      5.643000      9.920000      0.315000
                 7.985000      0.530000      7.500000     31.500000      2.160000      2.340000    209.000000
                42.099998     42.099998      4.270000     45.000000     11.300000     11.300000      1.980000
                46.799999     17.200001      0.980000    992.000000      8.860000      4.960000      3.992000
                 0.000000      0.000000      1.000000      1.000000
  W10X33        10.000000      2.750000      9.710000      2.822000      4.617000      9.730000      0.290000
                 7.960000      0.435000      9.100000     33.599998      2.140000      2.810000    170.000000
                35.000000     35.000000      4.190000     36.599998      9.200000      9.200000      1.940000
                38.799999     14.000000      0.580000    790.000000      8.860000      4.865000      3.980000
                 0.000000      0.000000      1.000000      1.000000
  W8X67          8.000000      5.583000     19.700001      5.130000     10.322000      9.000000      0.570000
                 8.280000      0.935000      4.400000     15.800000      2.280000      1.160000    272.000000
                60.400002     60.400002      3.720000     88.599998     21.400000     21.400000      2.120000
                70.199997     32.700001      5.060000   1440.000000      7.130000      4.500000      4.140000
                 0.000000      0.000000      2.000000      1.000000
  W8X58          8.000000      4.833000     17.100000      4.462000      8.878000      8.750000      0.510000
                 8.220000      0.810000      5.100000     17.200001      2.260000      1.310000    228.000000
                52.000000     52.000000      3.650000     75.099998     18.299999     18.299999      2.100000
                59.799999     27.900000      3.340000   1180.000000      7.130000      4.375000      4.110000
                 0.000000      0.000000      2.000000      1.000000
  W8X48          8.000000      4.000000     14.100000      3.400000      7.407000      8.500000      0.400000
                 8.110000      0.685000      5.900000     21.299999      2.230000      1.530000    184.000000
                43.299999     43.299999      3.610000     60.900002     15.000000     15.000000      2.080000
                49.000000     22.900000      1.960000    931.000000      7.130000      4.250000      4.055000
                 0.000000      0.000000      1.000000      1.000000
  W8X40          8.000000      3.333000     11.700000      2.970000      6.026000      8.250000      0.360000
                 8.070000      0.560000      7.200000     22.900000      2.210000      1.830000    146.000000
                35.500000     35.500000      3.530000     49.099998     12.200000     12.200000      2.040000
                39.799999     18.500000      1.120000    726.000000      7.130000      4.125000      4.035000
                 0.000000      0.000000      1.000000      1.000000
  W8X35          8.000000      2.917000     10.300000      2.517000      5.293000      8.120000      0.310000
                 8.020000      0.495000      8.100000     26.200001      2.200000      2.050000    127.000000
                31.200001     31.200001      3.510000     42.599998     10.600000     10.600000      2.030000
                34.700001     16.100000      0.770000    619.000000      7.130000      4.060000      4.010000
                 0.000000      0.000000      1.000000      1.000000
  W8X31          8.000000      2.583000      9.130000      2.280000      4.637000      8.000000      0.285000
                 7.995000      0.435000      9.200000     28.100000      2.180000      2.300000    110.000000
                27.500000     27.500000      3.470000     37.099998      9.270000      9.270000      2.020000
                30.400000     14.100000      0.540000    530.000000      7.130000      4.000000      3.997000
                 0.000000      0.000000      1.000000      1.000000
  W8X28          8.000000      2.333000      8.250000      2.297000      4.052000      8.060000      0.285000
                 6.535000      0.465000      7.000000     28.299999      1.770000      2.650000     98.000000
                24.299999     24.299999      3.450000     21.700001      6.630000      6.630000      1.620000
                27.200001     10.100000      0.540000    312.000000      7.130000      4.030000      3.268000
                 0.000000      0.000000      1.000000      1.000000
  W8X24          8.000000      2.000000      7.080000      1.943000      3.464000      7.930000      0.245000
                 6.495000      0.400000      8.100000     32.400002      1.760000      3.050000     82.800003
                20.900000     20.900000      3.420000     18.299999      5.630000      5.630000      1.610000
                23.200001      8.570000      0.350000    259.000000      7.130000      3.965000      3.247000
                 0.000000      0.000000      1.000000      1.000000
  W6X25          6.000000      2.083000      7.340000      2.042000      3.689000      6.380000      0.320000
                 6.080000      0.455000      6.700000     19.900000      1.660000      2.310000     53.400002
                16.700001     16.700001      2.700000     17.100000      5.610000      5.610000      1.520000
                18.900000      8.560000      0.460000    150.000000      5.470000      3.190000      3.040000
                 0.000000      0.000000      1.000000      1.000000
  W6X20          6.000000      1.667000      5.870000      1.612000      2.930000      6.200000      0.260000
                 6.020000      0.365000      8.200000     23.799999      1.640000      2.820000     41.400002
                13.400000     13.400000      2.660000     13.300000      4.410000      4.410000      1.500000
                14.900000      6.720000      0.240000    113.000000      5.470000      3.100000      3.010000
                 0.000000      0.000000      1.000000      1.000000
  W6X15          6.000000      1.250000      4.430000      1.378000      2.077000      5.990000      0.230000
                 5.990000      0.260000     11.500000     26.000000      1.610000      3.850000     29.100000
                 9.720000      9.720000      2.560000      9.320000      3.110000      3.110000      1.460000
                10.800000      4.750000      0.100000     76.500000      5.470000      2.995000      2.995000
                 0.000000      0.000000      1.000000      1.000000
  W6X16          6.000000      1.333000      4.740000      1.633000      2.176000      6.280000      0.260000
                 4.030000      0.405000      5.000000     24.200001      1.080000      3.850000     32.099998
                10.200000     10.200000      2.600000      4.430000      2.200000      2.200000      0.966000
                11.700000      3.390000      0.220000     38.200001      5.470000      3.140000      2.015000
                 0.000000      0.000000      1.000000      1.000000
  W6X12          6.000000      1.000000      3.550000      1.387000      1.493000      6.030000      0.230000
                 4.000000      0.280000      7.100000     26.200001      1.050000      5.380000     22.100000
                 7.310000      7.310000      2.490000      2.990000      1.500000      1.500000      0.918000
                 8.300000      2.320000      0.090000     24.700001      5.470000      3.015000      2.000000
                 0.000000      0.000000      1.000000      1.000000
  W6X9           6.000000      0.750000      2.680000      1.003000      1.129000      5.900000      0.170000
                 3.940000      0.215000      9.200000     34.700001      1.030000      6.960000     16.400000
                 5.560000      5.560000      2.470000      2.190000      1.110000      1.110000      0.905000
                 6.230000      1.720000      0.040000     17.700001      5.470000      2.950000      1.970000
                 0.000000      0.000000      1.000000      1.000000
  W5X19          5.000000      1.583000      5.540000      1.390000      2.884000      5.150000      0.270000
                 5.030000      0.430000      5.800000     19.100000      1.380000      2.380000     26.200001
                10.200000     10.200000      2.170000      9.130000      3.630000      3.630000      1.280000
                11.600000      5.530000      0.310000     50.799999      4.290000      2.575000      2.515000
                 0.000000      0.000000      1.000000      1.000000
  W5X16          5.000000      1.333000      4.680000      1.202000      2.400000      5.010000      0.240000
                 5.000000      0.360000      6.900000     20.900000      1.370000      2.780000     21.299999
                 8.510000      8.510000      2.130000      7.510000      3.000000      3.000000      1.270000
                 9.590000      4.570000      0.190000     40.599998      4.290000      2.505000      2.500000
                 0.000000      0.000000      1.000000      1.000000
  W4X13          4.000000      1.083000      3.830000      1.165000      1.868000      4.160000      0.280000
                 4.060000      0.345000      5.900000     14.900000      1.100000      2.970000     11.300000
                 5.460000      5.460000      1.720000      3.860000      1.900000      1.900000      1.000000
                 6.280000      2.920000      0.150000     14.000000      3.470000      2.080000      2.030000
                 0.000000      0.000000      1.000000      1.000000